7 0 0 0 0 5 3 1 0 11 0 0 0 0 0 0
12 8 0 0 0 15 14 0 4 0 9 0 11 0 16 2
0 15 10 2 13 0 0 0 0 0 7 5 8 0 3 0
1 0 0 0 0 0 0 0 0 0 0 0 0 0 0 0
0 0 1 0 0 2 0 0 15 0 0 0 5 0 0 11
15 0 0 3 0 0 0 0 0 0 7 14 6 0 1 0
14 0 16 0 0 0 0 0 0 5 0 10 6 2 0 0
0 0 12 0 0 0 0 8 9 10 13 16 1 0 0 3
0 0 0 0 0 0 0 0 0 15 0 0 9 0 8 0
6 0 4 0 0 10 0 0 7 0 14 0 0 0 11 0
0 16 0 12 0 3 9 0 10 0 0 8 0 0 0 5
3 0 0 0 15 0 0 0 0 0 13 4 0 14 0 16
0 0 0 0 0 14 15 13 10 0 8 0 0 4 0 9
9 7 0 0 6 0 0 0 0 0 0 1 0 0 0 0
5 13 8 0 3 0 10 0 0 0 11 6 0 0 15 0
10 1 15 0 0 0 5 16 14 0 4 0 0 6 0 0